rc = 4.00000 
delr = 0.1
ialloy = 1
nn2(1,1) = 1
emb_lin_neg = 1
bkgd_dyn = 0
augt1 = 0
Cmin(1,1,1) = 0.8100
Cmax(1,1,1) = 2.800000 
re(1,1) = 2.49